928.2,2006,190300;
    656,1928,12028.87;
    417,601,12614.71;
    279.4,1059,23339.56;
    741,812,10897.38;
    1613,3937,209300;
    525,407,13061.56;
    1438,2576,326801.7;
    808.27,870,45708.41;
    428,1132,14692;
    481,845,25746;
    1016,682,58179.59;
    887,1867,26172.85;
    981,1501,53865.8;
    1407,2757,629755.2;
    1493,1561,31458.73;
    559,683,23751.14;
    251,1079,68286.03;
    170.89,575,14286.03;
    224.34,372,8232.32;
    463.18,1252,23293.55;
    313,305,17424.71;
    399,618,15312.09;
    408,1608,21804;
    624,1746,14378.77;
    640,1988,35974.6;
    682,1208,1000000;
    420,2589,26163.63;
    910,1872,60604.77;
    285,2130,26155.93;
    676,2191,54798.1;
    915,4106,90339.39;
    862,4560,335319.3;
    836,4499,120239.5;
    1216,5294,221760.3;
    1069,nan,1530;
    1419.73,1294,470282;
    915.53,321,703600;
    868.6,2105,246253.3;
    1194.93,3522,803387.8;
    1132.8,nan,233000;
    1180.4,7611,1591968